(17, 21) 12.630656712934604 12.084417900751365 12.517809512850087 11.964382725406269 -0.04305775827986581
(21, 25) 13.263091230931042 9.135193758207865 12.018163670045436 10.396350994459542 0.15251877547805634
(25, 30) 11.645714791286965 11.927903294376595 12.949607291342856 10.61398987186251 -0.0483067690549102
(30, 34) 15.997958244726112 14.278161506300451 17.077289656148604 13.161285423544314 -0.05557289632285781
(34, 36) 13.606707463600442 11.878819006955197 13.774516543240273 11.51759953288879 -0.04866061320545123
(36, 39) 9.269289616793726 12.251903239905218 10.51084249715502 11.084961028348273 0.11576133560511292
(39, 43) 13.074365185354127 11.558459456173214 13.929639837411449 10.602511494924212 -0.08657472023541342
(43, 47) 15.837997663846274 13.231493113023939 15.877506510784366 13.243378911743028 0.006273202133424438
(47, 51) 3.302238331798597 7.066269595762674 3.8868214520350657 6.035270582169449 0.5959665649681859
(51, 55) 15.413697058136313 13.739826672851446 15.868238906696611 13.195440197280272 -0.03191046188000625
(55, 59) 8.673378292222704 6.084925143335784 8.872068191802859 5.913477065145345 -0.060869742170346006
(59, 63) 9.927009720958269 9.13997007653745 10.86623587080641 7.940813875164182 -0.21794600561089653
(63, 66) 14.411289116522504 13.7046994129751 14.931044638604495 13.023219494426101 -0.039120242974679455
(66, 70) 12.772878845428702 11.35260749783943 13.561801207804221 10.540152418252784 -0.06234167335520987
(70, 74) 11.721893234456624 9.958194063182336 10.726193033877397 11.0227075167583 0.04960525001357
(74, 78) 12.6309347635082 12.13905226943191 11.953480539156786 12.41906059249249 -0.07333351779206772
(78, 82) 12.469668840831337 13.21709389389362 13.332789243065383 12.322671017275434 -0.008369444259382009
(82, 86) 15.782373902553443 13.418913331563031 15.850954356126321 13.220388004896076 -0.023563197096956322
(86, 90) 14.538636077706876 14.438548853676396 15.308992945324654 13.402581579680833 -0.05277228093342506
(90, 94) 8.72673902440081 10.922346405420402 11.836270738708203 7.364759466540642 -0.3938362897075907
(94, 98) 5.052531444731443 10.21149514028186 7.608703700368414 8.199289542393291 1.1841028007868215
(98, 100) 5.625270571270328 9.249236238738852 8.317754865346776 6.83460445088083 0.5395565392263937
(100, 104) 11.288639156249081 17.57135996444214 14.38482415603333 14.407675211497516 0.18323169802305228
(104, 108) 12.106883909578055 18.04821082545303 14.901973090835991 15.40264438335184 0.16664939041648782
(108, 112) 10.881254569212137 13.325287013794485 13.76885634321166 10.41567981458724 -0.0471394624766212
(112, 116) 11.68966013192856 11.19622257728025 9.060659633823576 14.093204710072161 -0.18020941892271303
(116, 120) 10.395061760278292 14.944857610562904 13.593957959328842 11.545567591071478 0.08190021431880662
(120, 125) 14.631709161953705 20.33837604136574 17.09466975404907 17.86749218553068 0.08498923079020734
(125, 129) 10.373747297866862 11.598420323475091 13.209128245270392 9.17404643546129 -0.05835726642612561
(129, 133) 10.183641097367872 12.345845536049767 8.625707217382235 13.914896011109818 -0.23990210337806647
(133, 138) 14.824402753568187 18.78312995749111 17.86667165422816 15.807925164296549 0.04088559337835145
(138, 142) 10.101003960003181 12.764359835103363 11.59851417208256 12.078301370639826 0.23236724675657733
(142, 147) 8.900817996116986 12.146738533450039 7.988821252224886 12.90583623791965 -0.22264067052145664
(147, 151) 11.158644854999196 13.481827843434287 13.584172260391872 11.649849312330181 0.12096224373299079
(151, 155) 8.763851322335404 12.832694027366191 8.941510722467427 12.975040423829132 0.08706827903873168
(155, 159) 12.939335608909753 18.535576333095225 14.783601252739468 16.802028091870334 0.11364037032148402
(159, 164) 14.84054534038423 21.309345391165824 17.53911699601779 18.572072636084542 0.09624249802707362
(164, 168) 7.255961204416679 10.142932514810497 7.947134829609976 8.776649531569548 -0.09375042406340216
(168, 171) 8.553722347609837 7.627515847246729 6.046898130446717 9.537956437308775 -0.6192769014503526 H
(171, 174) 11.38633558261832 11.961393104484111 10.6521075379476 11.93368249954724 -0.17423577437358947
(174, 178) 11.59787019241033 13.649236681954052 11.415517596675151 13.272494076095873 -0.09640740924945575
(178, 182) 11.401809330101957 15.802121692987939 14.833214418999008 12.470484593631475 0.09432845864457816
(182, 186) 12.349269573541589 16.212884567528384 12.61532151790037 15.678498142360446 -0.011002387892917768
(186, 189) 9.249192451235945 10.790184660143684 10.932520203502941 8.972811265149849 -0.05922413150488877
(189, 193) 10.026244561150502 11.250576029697326 8.128115033634797 12.620008914418406 -0.38057142887816703
(193, 197) 8.03567769388494 15.344775299755936 13.112985548684168 9.923344244759425 0.3508591960971083
(197, 202) 12.385266287004088 21.023174474850364 14.162163782416867 19.415989003911182 0.1727112592307615
(202, 206) 2.8367216994269997 6.385878404730236 5.730648305383955 5.215787093047413 3.984893580832518
(206, 210) 12.526929751539283 16.029792543885275 13.450252413988373 14.266817094222523 -0.0621597505352271
(210, 214) 12.380435250830235 15.797853588383452 13.136233782937936 15.20317391204876 0.060552765529634116
(214, 217) 12.116882808709507 15.453890222206185 12.986859089094636 14.891134443016758 0.08598259138118466
(217, 221) 8.945808292155606 9.91055528212219 9.034176940928267 10.590931451010341 0.21126682226650662
(221, 224) 4.6736825951277465 10.6816595152626 9.799974438742176 7.0006024026507925 1.7484804752786134
(224, 229) 12.02601700481086 20.026481068824847 14.31784861632501 18.123522339766073 0.22497606851450422
(229, 233) 8.182659347669313 11.564010722928268 9.030226021534565 11.471511408702865 0.3004423059911559
(233, 237) 8.432280711646168 10.905942829485216 8.576418716457352 11.154322435719706 0.11252460252224762
(237, 241) 7.793431978275038 10.729774927741962 8.280290453842786 10.11577639136018 0.05264075918782236
