(3, 7) 3.0109270997485136 3.3817168716496657 2.207551584901245 4.212003205126986 -1.7451158548603856 H
(7, 11) 2.98544653276524 3.2675825926822415 2.1475953995108106 4.117720850179137 -1.8822988386244437 H
(11, 15) 3.2297916341460793 3.6002434639896226 2.552709540860456 4.346498705855093 -0.9603055157841179 H
(15, 19) 5.927691877957219 6.641704675759079 5.732424094569416 6.7326655939531115 -0.10353053014361586
(19, 23) 5.239308733029578 5.042446727532181 4.3994137109392195 5.872461494126633 -0.23448403354002878
(23, 27) 3.0491774300620835 3.32308681800521 2.2202497607251312 4.172309911787474 -1.7065458166217742 H
(27, 31) 2.966206499891739 3.3441916811092036 2.231447288196608 4.128487132110261 -1.5115925938383856 H
(31, 35) 2.9041537493734726 3.12406369973469 2.0865322906679395 3.975933852568475 -1.8502861502138819 H
(35, 40) 9.522041062713393 8.30775426935583 8.933321666659047 8.83342974161226 0.006754953257206217
(40, 45) 6.80351276915095 7.829077915054875 6.617273381083784 8.037179107124588 -0.02313451735003396
(45, 49) 9.687932596792775 9.007905194882992 9.04451994303733 9.595007087021877 -0.015345656657476853
(49, 53) 6.493294849304166 7.254163080604128 6.609896897834338 7.251298159640108 0.0742452553588629
(53, 57) 2.981500628878015 3.1530031715810254 2.248444128725462 3.955436006308281 -1.2552138843416571 H
(57, 61) 3.394456804851111 3.6448334667032443 2.672925363716691 4.429978103783358 -0.8616772555102004 H
(61, 65) 3.0083964166977712 3.2686111729601626 2.2459321004874564 4.080938740044992 -1.4487190456582755 H
(65, 69) 3.11313395150289 3.3426752758830762 2.3493797053690573 4.156578641142255 -1.278538096706653 H
(69, 73) 2.767181237288227 3.5251236857733095 2.4114794214340693 3.9546309562334656 -0.6273331561849554 H
(73, 77) 6.800625412416125 7.908124556429293 7.902311180914101 7.134425414845962 0.1892707527039982
(77, 82) 5.692865447206707 5.94801571954883 5.053152085579851 6.535541140563651 -0.19867520848718145
(82, 86) 3.203573785633788 3.5457057125486324 2.4080948901569488 4.376037134211729 -1.3832613986000353 H
(86, 90) 3.2564492933254767 3.3869046340279496 2.65828422107193 4.129887891940894 -0.44570726358094953
(90, 94) 9.325400473974293 9.219026683983511 9.166774841785958 9.294404445686663 -0.027216375277603958
(94, 99) 6.469225687823852 6.603908312507071 5.798525847144255 7.3307434820760164 -0.07992562606590035
(99, 103) 3.0361114933414415 3.3181307991096434 2.2593273335220823 4.13079374939006 -1.5045763762381685 H
(103, 107) 2.918822536571897 3.210904856890033 2.1577546199695656 4.032371758655197 -1.6006356528158148 H
(107, 111) 3.172037042658865 3.4795531322283306 2.4568559176313114 4.258747233635731 -1.092848602323122 H
(111, 116) 8.974195785695787 8.25967965480502 8.196117983533423 9.036470439281036 -0.004768517577721567
(116, 121) 5.668098093717151 6.138923765612342 5.189019464214795 6.6830763874132115 -0.08436956832925788
(121, 125) 3.023015216633882 3.342809895881007 2.293647313777773 4.132331182274721 -1.3396250112723957 H
(125, 129) 2.9639986504720284 3.2986239555305468 2.200569698964338 4.098418597459269 -1.61431207423784 H
(129, 133) 3.0698555340601947 3.2762168731633134 2.2954831735388526 4.102065455352949 -1.350878957685702 H
(133, 137) 2.999781992078758 3.5375331800564083 2.4604477234844886 4.163915224881507 -0.8519299536289383 H
(137, 141) 3.6292040449663343 3.9028699696505393 2.8440444792583683 4.699185567734052 -0.9105587065857459 H
(141, 5) 43.82950089836753 43.65447169534869 43.894931313307694 43.56589456214574 -0.0003504100904366978
(5, 9) 3.4405508279925194 3.4052110066778525 2.6320687680985855 4.258766957700315 -0.8483624452556908 H
(9, 13) 3.202828281378819 3.3953478466867 2.4203460496383578 4.223069144591408 -1.205151718671481 H
(13, 17) 4.264710541173925 4.406444031188866 3.7642088146116435 5.023496093359682 -0.09207960955589681
(17, 21) 9.007473841205424 8.83005345397184 8.573979414484269 9.269088088911444 -0.006941872872616716
(21, 25) 3.0454369144672815 3.3153233628109335 2.2569195820852794 4.140311220186232 -1.5232349918320902 H
(25, 29) 2.9870349847298425 3.259173054625973 2.2740178099566415 4.057132731375695 -1.2444557574843391 H
(29, 33) 3.2338803317377094 3.726677072138127 2.616923002306334 4.412873213678363 -0.8694445490799405 H
(33, 38) 8.759803365372994 7.581053884520278 7.985363235319981 8.357004786405236 0.03280688476223099
(38, 42) 4.108768306926055 4.507542345890939 3.5958527500441386 5.1349467377958256 -0.21222249314377606
(42, 46) 4.381187167880414 4.805416631261019 3.9083432551402115 5.388388720201989 -0.14222842567610097
(46, 50) 8.424732043216569 8.159287346331173 7.840497433198993 8.82399036717516 0.010807146407738649
(50, 55) 5.097668290503021 5.349717282249597 4.435821569901115 6.0614966798638115 -0.20411933299851157
(55, 60) 7.130478314951952 6.902498895327692 6.699777384361364 7.408822376059506 0.024686650808143223
(60, 64) 2.9266327067126143 3.2347590327565356 2.1782933686719064 4.040718871686077 -1.5540323361327106 H
(64, 68) 2.958660169738997 3.2820204143179863 2.1476233375524676 4.112547628903524 -1.8436222351292504 H
(68, 72) 3.0392956420855146 3.2295926987779735 2.3652818013928063 3.9954415275411046 -0.9595609226616914 H
(72, 76) 3.107332457269417 3.3923979719366666 2.3473987731103545 4.1961108183650255 -1.3309045870039666 H
(76, 80) 7.255230664837611 6.415377541501358 6.4738466154211585 7.248188946212704 0.03552643082901598
(80, 84) 3.080183436095975 3.433898367744742 2.3205518740161795 4.23725205764302 -1.424066822509438 H
(84, 88) 5.524732120202754 5.2241964932418075 4.687602052222438 6.083894887323416 -0.1471323589926195
(88, 92) 3.0490213183905417 3.328722728014456 2.2706292079509587 4.140919342368311 -1.4922647377334237 H
(92, 96) 3.9405168442730947 3.4716108652900584 3.3683458848520873 4.218375398183522 0.21989193410168445
(96, 101) 11.758577039761231 11.498403758783216 11.408290932475383 11.822905776500122 -0.006253243200971183
(101, 105) 3.2764311376862474 3.5521561058039097 2.570105250763089 4.340862702274745 -0.9127402304701918 H
(105, 109) 3.0496755565141673 3.3670974146882062 2.23869515566546 4.204413871159689 -1.6632018412209282 H
(109, 113) 2.9769175332884195 3.383783976556425 2.253283825886124 4.15568093096667 -1.4776765250579122 H
(113, 117) 2.8753937121723 3.2246260248283063 2.080034615096585 4.045932031065279 -1.953028073800335 H
(117, 121) 7.575293855686392 6.7360382273262065 6.771257047254962 7.496348577807731 -0.017236179821150673
(121, 125) 7.814388075850854 7.323235487132719 6.526994178027128 8.605744593002976 -0.13638884124012068
(125, 129) 9.188001033957276 5.556480990699059 8.832325911106315 5.53332115460507 -0.14323628526065782
(129, 133) 9.148210098155813 5.160434574723334 8.796264093352358 5.201333963513591 -0.07947713999851949
(133, 137) 9.045838048517119 4.994193228140055 8.709864178045487 5.053777003390632 -0.0530860497306585
(137, 141) 8.947274333561031 4.961946493060964 8.692014553600334 4.947640447728593 -0.10778653956120778
