(17, 30) 7.885482166614797 7.739226705556569 8.855425060379654 7.024135676366167 0.020520138027619886 -----
(30, 34) 13.633824995209528 12.378134592902114 14.1881340210755 11.612651850460342 -0.06859894455151358 -----
(34, 42) 11.702241067419523 12.087926083493397 12.800861728805604 10.839127178882995 -0.06127544523201399 -----
(42, 46) 13.59610539823813 12.896260271877269 14.263588959304737 12.294920129874775 -0.00977899967176108 -----
(46, 48) 14.159171833126399 12.819115843146125 14.982702192862275 11.975840889056599 -0.04492696162384795 -----
(48, 50) 4.958799955634426 6.966381198298009 4.88018903322402 6.7048265451091265 -0.2467568911899946 -----
(50, 54) 16.544683556961736 14.81364155094891 17.712458722605394 13.702004305940063 -0.04160153807185283 -----
(54, 58) 8.04820955244084 6.450359214803468 7.079709739812784 7.334741781412621 0.04727528438731882 -----
(58, 64) 9.56964711993081 7.1023765036781885 10.805762305362821 5.806791971476162 -0.542709968764579
(64, 84) 11.86430739655712 10.202288076701228 11.50211676170956 10.63355603737527 0.03684596566688269 -----
(84, 88) 10.956899972163658 12.83740674747046 11.72275436917451 12.1746813099974 0.048028301954896026 -----
(88, 93) 13.773732173960695 13.273591300021256 14.133443387936287 12.847751476425747 -0.01810691137341228 -----
(93, 102) 5.346565346089019 3.1289610096643887 4.18629932040221 3.8231160066103125 0.17261736141940223 -----
(102, 106) 15.857107113215827 14.944436456420831 16.836090698258904 13.84809160137237 -0.04547384795923847 -----
(106, 110) 11.847248330308604 11.319559090353298 13.757018354280117 9.343439677121056 -0.1942869487313502 -----
(110, 115) 12.023697393065078 10.389777427837423 12.857234772687322 9.645123431040163 -0.056864007439286955 -----
(115, 119) 11.659196070055604 10.6842683418192 12.513383595175208 9.82712541896154 -0.06438876903691669 -----
(119, 120) 9.252688149937832 7.475277653706248 8.512433553338317 8.385270717156363 0.1427598311037296 -----
(120, 123) 14.487249083245583 13.926006642250318 15.109710288420489 13.23901967669812 -0.02461361332396722 -----
(123, 127) 14.10970339872529 11.361797657061139 14.383009629420402 11.039443554817424 -0.03411540215616472 -----
(127, 131) 15.705394773771209 14.719180751658703 16.891184831147875 13.583063792826712 -0.033817504240555546 -----
(131, 135) 7.65629342436665 7.826548281330666 8.100093456250983 7.427002962164483 0.0078803458834669 -----
(135, 139) 16.621732190117854 14.937734433306813 17.584158609384755 13.918800918182573 -0.044840572839415734 -----
(139, 143) 8.350233589547061 6.730216118372425 7.665918601185378 7.60936633367063 0.18061019626024433 -----
(143, 159) 12.665103710589976 11.710074551427928 13.638326656888665 10.538969589101205 -0.10750965885898002 -----
(159, 163) 15.322515263493786 13.211789356480068 15.52548955749866 12.891159528917484 -0.02870615717887154 -----
(163, 167) 10.936943860146672 11.132767984647845 11.814811086090204 10.513300385701914 0.04186007015467187 -----
(167, 171) 15.278356619741535 12.741769931999245 15.496740754106975 12.572979201446252 -0.003660136970100028 -----
(171, 175) 3.1065242635459973 6.584182561259976 3.883440098675401 5.323626771290413 0.793045231293808 -----
(175, 179) 15.360006705727702 11.926250584320288 14.659986732599727 12.66602258011567 0.04987820554256987 -----
(179, 183) 14.486942292975419 14.164739531668062 15.72389194824233 13.01539346312665 -0.022423832179008972 -----
(183, 192) 11.033158613923758 11.389412188519652 12.084453400961088 10.207034877965295 -0.06374848742120474 -----
(192, 195) 10.962745048572458 10.929678540561016 11.371348908550821 10.317960360458843 -0.059866211569383196 -----
(195, 199) 13.14747409200718 13.031040096630814 13.947332289724798 12.087636700364552 -0.04538420187777834 -----
(199, 207) 10.35962031157513 7.3865169058223925 9.719984773650626 8.18987673899919 0.19319861163613508 -----
(207, 211) 13.799330708407563 13.30164820614348 15.135341588480916 12.022834773879243 -0.04461106413261916 -----
(211, 215) 13.370543893200457 13.31583046602802 14.650550911143238 12.00584428518045 -0.04628656417117978 -----
(215, 219) 12.482740604530722 11.1059736628537 12.897409739943908 10.548001137656366 -0.061002075941578575 -----
(219, 223) 3.2007491310629135 3.907186327781156 4.001025993417185 3.058452713383029 -0.23797094214740322 -----
(223, 227) 15.285033529567412 14.772432230340407 16.295208528889713 13.716941750988084 -0.03215894152076743 -----
(227, 232) 16.720180561226005 13.571638184095537 15.763569963685258 14.510574178853158 0.03174691113436852 -----
(232, 235) 9.086345194851448 5.021682088702948 8.792140808699552 5.060013241089394 -0.060633286169655534 -----
(235, 239) 6.467729199649596 8.805933283871733 7.637725381289902 7.488560141976563 0.10339519953958688 -----
