(2, 6) 2.820268426940954 3.253527777659199 2.130239657878897 4.010500467522727 -1.5851910615424532 H
(6, 10) 9.491874050997518 9.420574345548152 9.340533228890095 9.510128653178146 -0.01972808127203808
(10, 14) 8.888078419996079 8.855848519481347 9.503331521103533 8.189082183004395 -0.05326824343925484
(14, 19) 13.766037519925622 13.150762449379123 13.741353535951253 13.109955339359473 -0.01023996968920365
(19, 23) 8.206125577883878 7.947570320544512 8.229778611846127 8.00739914079472 0.03598552066126376
(23, 27) 10.643038381965932 10.621932686663008 10.435630167843245 10.752242603289789 -0.02025914721356912
(27, 31) 6.42284967907548 6.715241991172023 6.256578697658967 7.013177596496471 0.06103601605111532
(31, 35) 2.822716067903394 3.082843168245831 2.0085178615088277 3.931565337114468 -2.0521823750568964 H
(35, 39) 3.2950966601907155 3.5848845169684327 2.4691547136621477 4.4228074794184735 -1.3572359134083187 H
(39, 44) 3.4304059526534174 3.746964237886452 2.6294588796936904 4.577173363550916 -1.1263524293117875 H
(44, 48) 8.5632130651993 8.695964178859064 9.16816257491107 8.151631125118456 0.000739755613475877
(48, 52) 11.020600074406111 10.853749490383496 10.854802163098137 10.939352357429573 -0.018545361583833703
(52, 56) 7.75382344395331 8.09570663994194 7.909586588438107 7.984180859674962 0.022711213834947556
(56, 60) 2.8496176936564668 3.2208528373708725 2.0188345647922716 4.067021883393302 -2.2258642238372146 H
(60, 64) 3.101415966941551 3.2238615044694465 2.25463079017386 4.080448749831321 -1.5612341616007372 H
(64, 68) 3.7181390506542398 4.202922078744738 3.1486216031781287 4.8590355010022295 -0.4607098400601341
(68, 72) 3.530328313344242 4.085761250978819 3.020632053064391 4.672479534465614 -0.4758659109436924
(72, 76) 8.883898975112222 8.602473423382373 8.820940369371058 8.755636070554784 0.03430447494340757
(76, 80) 10.963124554614891 11.166312641154194 10.981915361174478 11.069063691207129 -0.01758965736622831
(80, 84) 7.306255059878488 7.007468087690448 7.213531867261695 7.200921052198811 0.057852215072856816
(84, 88) 5.936097876551565 6.8913213537027875 6.135680157896107 6.810306968118252 0.10467790870144111
(88, 92) 8.998978664270739 8.941641236372659 9.416433932227209 8.530317520467804 -0.013002274769606416
(92, 96) 10.011159273530712 9.09412211266156 9.350875360093298 9.710305196027567 -0.0021074025268422105
(96, 100) 10.729713416489746 10.074425839719108 10.413119513383108 10.396129953016173 0.006638239047074098
(100, 104) 6.708589941261874 5.367207653892286 6.066493962743223 5.913123201828281 0.03971303378905004
(104, 108) 6.566637038850252 5.144672389958373 5.854079090685402 5.832454886237867 0.12229825097419268
(108, 112) 3.1572828508070057 3.3737178305246553 2.4269907292777226 4.163362463202067 -1.0900421272582757 H
(112, 116) 3.3976093065565998 3.780010714270527 2.7966569328396376 4.48571443585077 -0.6030945285511359 H
(116, 120) 3.1179077920939218 3.466131417012346 2.457565461996892 4.218240628508527 -0.9687856964239696 H
(120, 125) 5.706763180648029 5.888274959612534 5.113279378246408 6.545480883785395 -0.09165849358865696
(125, 130) 5.385335272756935 6.461620694531673 5.449266097374948 6.431730171579028 0.04069656306386509
(130, 134) 10.38602917384695 10.42964102929722 10.307935244266913 10.558887962280876 0.01238738023437338
(134, 138) 9.554069604100652 10.171914323272686 9.856139660130633 9.773161924372276 -0.022401894176941564
(138, 143) 6.6153460226960155 5.534255505485809 6.098580900504639 6.170162882777083 0.1621297277456008
(143, 147) 3.0478966517911985 3.3909410198350516 2.3226153362104536 4.168588849958698 -1.3230054483402793 H
(147, 151) 3.0599457511531134 3.480731245011599 2.356724421734539 4.206597437359558 -1.33696288812417 H
(151, 156) 11.90579157385178 10.969403994748303 11.716287253221477 11.094886119289374 -0.009133149395417421
(156, 160) 8.261078077345596 8.462520251083598 7.999666743058739 8.711370845050737 -0.016175588749255874
(160, 164) 6.193752093844247 6.08876350337242 5.3743832204263216 6.9375869724278045 -0.12605984344968277
(164, 168) 2.9501833841305514 3.35256752355564 2.0956941570754064 4.208560442716725 -2.1624067760790853 H
(168, 172) 3.1072697018443702 3.1853280835731814 2.3150917908368127 4.02671007150999 -1.2417038120676525 H
(172, 176) 3.032824426174387 3.460004190748908 2.3624571953794216 4.197391690085642 -1.19328977829149 H
(176, 180) 6.187277672773382 5.646296928075958 5.734421069297231 6.21750006031363 0.09781241854530943
(180, 184) 6.178226606397665 5.010406171160179 5.362687852187558 5.8064788813875845 0.07664443070744786
(184, 188) 10.925890856127019 11.302228718266147 11.226429797580352 10.941694795597252 -0.012973256612984641
(188, 192) 10.295315148163263 10.48152288553529 10.316339951746453 10.362580759637048 -0.02501884629601007
(192, 196) 4.140882756128215 4.8418551196829505 3.683852060004583 5.347157469160599 -0.2912462571920282
(196, 201) 12.60635054248453 12.149810245431818 12.119618269566082 12.620973575758725 -0.0031549415743325287
(201, 205) 6.180903574721092 7.435649332775183 6.537629310384611 7.130268227773765 0.08556218533920008
(205, 209) 6.0159821309575054 4.474057442635264 5.536747601254728 4.908825215873959 0.15083184598530552
(209, 214) 7.164234013486714 6.111289716581922 6.393723406591807 6.8229074447774805 0.006842979961876321
(214, 218) 7.81791775346863 7.348737986892715 8.175036697165341 7.04145574437559 -0.009777934656558589
(218, 223) 9.489576281373159 9.303488485509076 10.085525866309599 8.742685056663086 -0.018628749645468297
(223, 227) 6.763332758337416 5.543482118668731 6.125688206234463 6.208879286956702 0.10992068789704641
(227, 231) 3.8061324201871907 3.8980679829884974 3.236261268810046 4.5944380505128155 -0.20586291554252723
(231, 235) 4.113657982866344 4.1783975397274 3.5442779236397346 4.861577521751555 -0.15117033111798542
(235, 239) 3.977282740766615 3.9518199604739097 3.141732165541806 4.715357674662655 -0.7220994502688991 H
(239, 243) 2.6017059787762333 2.7434791779782106 1.8706004383619708 3.5643223759923854 -1.8484748437505665 H
(243, 247) 10.94957780007978 9.879815635931674 10.354055147622113 10.537679678183428 0.029731879055521167
(247, 251) 3.1172495889806457 3.3674561615557805 2.274342542362517 4.223061211964609 -1.6377751716607167 H
(251, 255) 2.9976572519219062 3.31264848723797 2.174723890520358 4.153639006943189 -1.8159029358983618 H
(255, 259) 3.5003215566573314 3.71396082370291 2.6428253820485375 4.549996483515125 -1.2053460102720932 H
(259, 263) 2.9124982403428166 3.5885867691892313 2.5832796983679494 4.02761827883428 -0.3731812996979599
(263, 267) 9.802745431765532 9.74491908637522 10.030387679446891 9.478494447959552 -0.015874252901989704
(267, 272) 12.770682832174636 11.901857754149141 12.733484401372628 11.906138626775684 -0.005536922887932714
(272, 276) 9.367975341555931 9.728133274169306 9.424893898607028 9.578961843540247 -0.02666485718989267
(276, 281) 7.426025922389444 7.096598269593681 8.202340641548606 6.330219427476429 -0.1203287406499875
(281, 285) 10.190762189355612 9.983685141269229 10.553673957442497 9.628928652762985 -0.008811046660134077
(285, 290) 13.198062016826562 12.126532356778668 13.05516070372173 12.228611491089248 -0.003931912945417494
(290, 294) 10.861982922100365 11.261011011450083 11.194094246521244 10.948854460627375 0.005566987327687678
(294, 298) 8.934951930480654 7.777703067101495 8.820642606975978 7.913939284578824 0.02127679151476024
(298, 302) 10.767156402690546 10.330358851463004 10.393851018751423 10.635857464257407 -0.015483647014661796
(302, 306) 10.02201267211332 10.200303917040904 10.158016194119796 10.096318388402775 0.009097840463158438
(306, 311) 4.701422444324696 4.892597980623381 4.046536296636915 5.614170107860999 -0.22738967360624562
(311, 315) 2.9343995978734765 3.26169802403595 2.1565630062671537 4.082136817893297 -1.7094383275414593 H
(315, 319) 3.4217705942976364 3.544005079003131 2.5817259730653053 4.385893181553786 -1.141414230402217 H
(319, 323) 3.622432470039986 3.7777556829419234 2.863909740197829 4.576953790459328 -0.7500175728729748 H
(323, 327) 6.753161185696668 7.6962455132356595 6.553154507563516 7.869980495528565 -0.04604580765553306
