(2, 6) 7.3628616719316415 14.009108929550088 11.974427126171841 9.174249942093361 0.4095867840716345 -----
(6, 12) 19.249985168825457 18.468275961767517 20.33877965857342 17.36819455211163 -0.018090079249610383 -----
(12, 17) 7.630172081938914 7.933317212868776 7.389705948141645 7.907381361740435 -0.13046506212654913 -----
(17, 21) 16.11056864297471 14.718588892961172 17.084225853107892 13.68706747261808 -0.04414239841142874 -----
(21, 25) 15.840184373926967 14.886949486043136 16.974394746205235 13.676257565576925 -0.0481953101874936 -----
(25, 29) 5.026794306513844 2.8787669235281967 4.350572950773267 3.959376339778779 1.7816270722193535 -----
(29, 33) 6.593102608029089 6.353297883776584 7.569797421331695 5.084076022248292 -0.5500706207633542
(33, 37) 15.474648364340949 13.948484863955656 16.27946206113703 13.0684019298459 -0.04555067422739816 -----
(37, 41) 15.601799062928606 16.232168216230388 18.427559632246478 13.357758831480675 -0.0956047046601584 -----
(41, 46) 5.919122739055174 10.084966385665346 7.58961046431238 7.75565793469516 0.206489858295952 -----
(46, 50) 11.790707357915386 16.454401873055126 14.897837863260563 13.390762487625564 0.10553889749656219 -----
(50, 54) 7.078104548535577 10.665618313065586 9.615505966926547 8.954756557271672 0.5401569453612319 -----
(54, 58) 9.95568465752105 10.912019977987576 12.43881610122121 9.330388684293919 0.12597045178989263 -----
(58, 62) 13.035277749246465 17.746932270113618 14.604131675659461 15.968481361732554 0.05481466257459079 -----
(62, 66) 9.218568977883713 8.178034666104075 11.587513840336936 6.157073493145909 -0.5008444372338753
(66, 70) 12.233871096263853 19.031134359254576 15.34888276064418 15.762144809638063 0.15871861007382115 -----
(70, 74) 9.306449054284883 12.962091999364917 12.129983924144334 10.274075773518513 0.13463528319134802 -----
(74, 78) 8.059477464451403 11.208998081898308 11.279636208672688 8.984171525521981 0.3717289825597551 -----
(78, 82) 11.826263653411422 18.20850424938853 15.039636431775874 14.867887913217535 0.15971276839253964 -----
(82, 86) 12.722148049759523 18.88952273086856 15.713418628675305 16.113302237592393 0.16292387065025873 -----
(86, 90) 2.963401761489655 6.122348977312548 5.562627256971294 5.041393557341065 3.4206585831895393 -----
(90, 94) 11.872037483094465 18.412719380906236 15.111693849466377 15.246907292956172 0.18910386238771773 -----
(94, 98) 11.985666314394036 16.43201381450247 14.849654339411405 14.118576450903253 0.17066061501907556 -----
(98, 102) 12.179964449866016 17.63667817362442 14.589368594973532 15.38080917897365 0.14621450045630627 -----
(102, 107) 13.63112621906202 19.37348572146995 16.720288932910222 16.261013529297614 0.10246292612161466 -----
(107, 112) 15.270420557404437 21.368691887899924 18.557930191699718 17.827161411733506 0.0642544544687586 -----
(112, 118) 18.29322030152154 20.880189103549807 18.23804260330587 21.30021366090021 0.021725199402964274 -----
(118, 122) 7.96823317931899 10.984082528823242 8.689454298170858 10.488875678546295 0.17061983769594374 -----
(122, 126) 10.389438339005624 11.305447448022566 12.015052808872708 10.355797361864509 0.1369671289451112 -----
(126, 130) 12.142713082338727 18.470511281499494 15.110417366836698 15.303778128292377 0.13864298416238954 -----
(130, 134) 12.891711756008197 16.72053243769468 13.664963410122983 16.418809518354248 0.09176039805072561 -----
(134, 139) 8.455056593542116 12.46258957841427 10.853859405759778 10.834460254207407 0.3927006158938466 -----
(139, 143) 12.010318313849973 19.339660312425345 15.496602014635338 15.783606527026707 0.19749736995029174 -----
(143, 147) 9.381161815041887 11.789936301778733 9.248904691908118 11.698539524231219 -0.06098997925983788 -----
(147, 152) 14.908786805102554 13.421985881381339 15.03367180698049 13.973482064252991 0.09754354703239781 -----
(152, 156) 10.957357984477827 14.31080451966276 13.113531065277575 12.267853805780376 0.09395989426226285 -----
(156, 161) 14.136530019775009 20.16771749603807 17.206073404469713 17.114473582322066 0.10524432509144298 -----
(161, 165) 9.554517988888815 9.069034954172356 6.842960616575255 11.732473353901128 -0.4585137006455913 -----
(165, 169) 11.081580437825645 14.11913793402416 14.656303319732437 10.99406321611805 0.052359135669270966 -----
(169, 173) 12.934629642939141 19.69049999365176 16.01412332911171 16.49903385050167 0.14064648186166562 -----
(173, 177) 11.116870692780411 18.000068472091986 14.307584037845103 14.784675106338996 0.22249352535654085 -----
(177, 182) 7.544183057163977 10.05348188440204 8.282990643481375 10.642018981377547 0.48313200944562706 -----
(182, 186) 8.601399537284616 11.94287649605404 11.7584649083118 9.69605569290936 0.3294196257574368 -----
(186, 190) 12.415808028477244 18.257473045303943 15.22925375716092 15.476582600819858 0.140492162119655 -----
(190, 194) 11.725472996856036 12.95516954732743 9.674580559383442 15.254877973946561 -0.17967643568376077 -----
(194, 198) 10.923781442339461 14.80554284719071 14.602666263391765 10.976824495271845 -0.0138327224988774 -----
(198, 202) 12.460487390146506 19.381549525257263 16.151939233417146 15.596983907153334 0.16236711470040635 -----
(202, 4) 45.514692100463556 44.38999979725164 45.58391316023669 44.17766623532755 -0.0020891422313342287 -----
(4, 8) 12.255926362376691 19.94818462918368 16.910598510993037 15.725472997655748 0.25092088239132715 -----
(8, 13) 11.012297398817381 17.3511858096212 14.281175966985355 15.043058665045484 0.3330506045340781 -----
(13, 18) 10.695846904289533 11.203821624785002 13.678536105885016 9.953156383780975 0.2557779284418348 -----
(18, 22) 12.756454562299036 19.406143511785128 15.887156510842333 16.210025200473932 0.14746104813690192 -----
(22, 26) 12.74166759101806 14.120867714131453 11.819060453352458 15.646012846728716 0.02166059038018223 -----
(26, 30) 11.599153503596721 13.254271613332813 10.610174268125856 13.883208130687951 -0.12878837774053978 -----
(30, 34) 10.77864787438573 14.597017537839708 13.531169129088589 11.913982583502463 0.09606655350006328 -----
(34, 38) 12.634429587440822 19.851960356599545 15.931968208604985 16.45948680852474 0.16731528509206528 -----
(38, 44) 4.8340191352538096 4.841881659024723 5.600813512339079 6.267479636983275 2.099944517563161 -----
(44, 48) 12.813018106597681 17.432164323456796 14.268285110692172 15.259931258036518 -0.005738069991118151 -----
(48, 52) 12.517122392946389 17.521770943600426 15.38822211953025 14.698576937921578 0.10998639883021832 -----
(52, 56) 5.685690899090456 5.717385241524313 9.646952834962972 2.0025458796242366 -7.034434701992323
(56, 60) 12.409802778448979 20.306636698380164 16.208487036117837 16.556167340299506 0.21557190652117608 -----
(60, 65) 10.600686157037195 8.961974949752982 10.027963950872579 10.962922648637088 0.4177168472902187 -----
(65, 69) 11.704042720359492 15.305727294055647 14.991768474733059 11.690650709006748 -0.040887325048229194 -----
(69, 73) 12.787931889089807 17.180463614233467 13.526199096568114 16.248481344421084 0.025923633323030076 -----
(73, 77) 6.6832720279815 8.879725671438278 10.655233878240303 5.1480060217525 -0.721104450741219
(77, 81) 12.639249463476856 19.05641765915094 15.647004729340372 15.997099174537864 0.14426610722046437 -----
(81, 85) 10.040749374424205 15.172184845960718 11.81532741823095 13.595110113566571 0.2039326819654738 -----
(85, 89) 6.851675269596483 11.196998303116779 8.787698276568218 8.643508431186959 0.1609180898019019 -----
(89, 93) 11.620800789962802 15.81164545517006 14.00542769786057 13.876440681961641 0.16263263354842147 -----
(93, 97) 11.96359920759635 18.18110428439373 14.397382018964421 15.721208795763767 0.1540430761699666 -----
(97, 101) 8.741997998169525 10.125917834942173 7.971467744399396 11.695652653871006 0.061284946819511986 -----
(101, 105) 11.14210545633095 13.656418490951424 12.854008596542947 12.690485294109124 0.1779073012628424 -----
(105, 109) 12.26562644140119 15.94134925280793 13.979079154221854 14.51714358956334 0.1070635822638688 -----
(109, 113) 12.064801117299863 17.643947517491657 15.254008063456633 14.605347787711185 0.1544378702632575 -----
(113, 117) 11.885971983813526 14.413928159943076 10.656716285986038 15.674678529398937 -0.11502590180728851 -----
(117, 121) 11.564466697604347 17.216795985316203 14.614640912454883 14.072808141945229 0.1414210814778834 -----
(121, 126) 15.164559571580046 23.400453008435544 21.18058417513549 17.568431062562194 0.126726215570548 -----
(126, 141) 7.590828347420325 10.663964975561388 5.581498365134579 13.52055095031264 -0.7700758985253872
(141, 145) 12.830916958658879 18.337040546391343 15.354535779371515 15.898319313688475 0.12393744623072432 -----
(145, 149) 10.1540180716798 16.83022465684876 13.181914352627238 13.828736348632871 0.2712217237916775 -----
(149, 155) 12.47882177931875 14.832175464172474 15.827586613252192 12.062429357306096 0.04110405606049017 -----
(155, 159) 11.631667937144698 12.378395897692076 9.965452774460376 14.408970296311947 -0.08337889970367915 -----
(159, 163) 6.819262350137292 9.934807647861128 10.763057976244482 6.1773101751490485 -0.20897946122796318 -----
(163, 167) 7.739300808212586 12.361307576466174 10.68823544837968 10.369739582072445 0.560910756534604 -----
(167, 172) 14.740781695690362 21.21204813307758 17.365064151911444 18.486911964955098 0.09210896135054805 -----
(172, 176) 12.193887403121284 14.696794922703385 11.475540335862185 15.741801072304273 -0.01719714977286394 -----
(176, 180) 8.99183462926226 10.655993618616707 11.457279170902662 9.420130360032179 0.32404487243074914 -----
(180, 184) 12.753513907939256 19.545519614479428 16.065047058754608 16.167049607148485 0.15258192574299337 -----
(184, 188) 12.27697609348491 19.69263887852514 17.02703512065445 15.448792930193608 0.244677353977932 -----
(188, 193) 8.344031219979941 12.846184375136454 10.378749924726003 10.93292120158194 0.27532970523941624 -----
(193, 197) 8.51893872498212 11.301995089363647 10.131790858481043 9.56127156815452 0.07188505308234637 -----
(197, 201) 12.375704949618022 18.371320420699213 15.180962321275945 15.458474051470928 0.13036891398680003 -----
(201, 205) 12.259582293047345 15.92894993400381 12.331345019907602 15.538269466063456 -0.030781684571652868 -----
(205, 210) 10.577090762586845 11.164052534810107 13.061640364058412 9.874298911821535 0.17525066229323286 -----
(210, 214) 12.094824388969027 18.747615261680618 15.092498368394809 15.624314640969056 0.16061315742748228 -----
